1.000000000000000000e+02
1.000000000000000000e+02
9.999998914054398824e+01
9.999733255247312513e+01
9.998259671731453579e+01
9.995982882047226781e+01
9.990262024732750490e+01
9.979123096647185776e+01
9.966845306474397148e+01
9.956159608568394503e+01
9.946588056710793069e+01
9.935515512473838839e+01
9.922748139667582734e+01
9.909047648853443491e+01
9.894716518304949204e+01
9.878669219885021846e+01
9.860303183077652989e+01
9.840330198345462520e+01
9.819593636323669728e+01
9.797936603151545398e+01
9.774744026594854063e+01
9.750148645898124755e+01
9.724765208646216763e+01
9.699158034048878108e+01
9.673677432729074610e+01
9.648525748816487635e+01
9.623832840638715425e+01
9.599697894873153814e+01
9.576198451210719043e+01
9.553395754599000611e+01
9.531346719940998469e+01
9.510113186260568341e+01
9.489752848310912725e+01
9.470306167573637879e+01
9.451794188725239110e+01
9.434221882938483361e+01
9.417581638395107291e+01
9.401855096076799612e+01
9.387015335222893953e+01
9.373029340416294986e+01
9.359860645902031706e+01
9.347470816426682916e+01
9.335820212809494478e+01
9.324868876915324734e+01
9.314577520422838575e+01
9.304907985572420159e+01
9.295823466214899611e+01
9.287288746280954399e+01
9.279270423153892011e+01
9.271736924525669110e+01
9.264658395952797321e+01
9.258006671024905643e+01
9.251755242295475057e+01
9.245879200508231577e+01
9.240355125112979806e+01
9.235161010517524005e+01
9.230276222531783503e+01
9.225681414562647831e+01
9.221358437439131706e+01
9.217290284549656576e+01
9.213461023214253487e+01
9.209855737938531206e+01
9.206460464855659609e+01
9.203262133834007841e+01
9.200248513642527826e+01
9.197408162781489693e+01
9.194730382613101938e+01
9.192205156535069932e+01
9.189823111684472678e+01
9.187575484723251407e+01
9.185454084192333823e+01
9.183451251660304138e+01
9.181559823591366865e+01
9.179773097487667144e+01
9.178084802379706275e+01
9.176489071882373594e+01
9.174980419039796686e+01
9.173553712432217822e+01
9.172204144562648764e+01
9.170927211944255930e+01
9.169718698024163928e+01
9.168574653621338655e+01
9.167491375359698225e+01
9.166465389006127396e+01
9.165493434770830561e+01
9.164572453186001155e+01
9.163699571952538747e+01
9.162872092935931789e+01
9.162087481009776013e+01
9.161343355290226498e+01
9.160637478229897113e+01
9.159967743760668668e+01
9.159332175800487619e+01
9.158728915372947199e+01
9.158156204964176084e+01
9.157612385415180256e+01
9.157095892905256562e+01
9.156605253829251012e+01
9.156139079515892831e+01
9.155696061205939884e+01
9.155274964424832262e+01
9.154874624041330833e+01
9.154493941441312188e+01
9.154131881639808910e+01
9.153787469366842799e+01
9.153459782661515476e+01
9.153147949460506538e+01
9.152851143099805142e+01
9.152568580197313963e+01
9.152299518633044784e+01
9.152043255580677794e+01
9.151799125729870354e+01
9.151566499214527539e+01
9.151344779802339247e+01
9.151133403388440968e+01
9.150931836499928806e+01
9.150739573969816831e+01
9.150556137098598697e+01
9.150381072550109707e+01
9.150213951193909168e+01
9.150054367437505221e+01
9.149901936945623504e+01
9.149756295048257471e+01
9.149617096497534874e+01
9.149484014505341634e+01
9.149356739973443098e+01
9.149234979837447668e+01
9.149118456302259972e+01
9.149006906471167611e+01
9.148900081696137931e+01
9.148797746309347190e+01
9.148699676738851849e+01
9.148605661057069938e+01
9.148515498629249976e+01
9.148428999616585600e+01
9.148345984320962998e+01
9.148266282623970369e+01
9.148189733331722095e+01
9.148116183695438508e+01
9.148045489568740152e+01
9.147977513827900964e+01
9.147912126317450543e+01
9.147849203946080365e+01
9.147788630307628921e+01
9.147730295343497176e+01
9.147674094760573382e+01
9.147619929487250090e+01
9.147567705483955081e+01
9.147517333779076409e+01
9.147468730316738572e+01
9.147421815362039865e+01
9.147376513110877738e+01
9.147332751685814856e+01
9.147290463111043834e+01
9.147249583065232059e+01
9.147210050523085556e+01
9.147171807447611513e+01
9.147134798658778720e+01
9.147098971878763507e+01
9.147064277523814724e+01
9.147030668832745448e+01
9.146998101268370363e+01
9.146966532114704762e+01
9.146935920484604310e+01
9.146906227321642291e+01
9.146877415641620246e+01
9.146849450243409763e+01
9.146822297498533771e+01
9.146795925277260153e+01
9.146770302898438842e+01
9.146745401073941650e+01
9.146721191880621404e+01
9.146697648721047358e+01
9.146674746270157641e+01
9.146652460434054888e+01
9.146630768295629821e+01
9.146609648018495875e+01
9.146589078780390025e+01
9.146569040707457532e+01
9.146549514841952089e+01
9.146530483137505030e+01
9.146511928507429445e+01
9.146493834739951012e+01
9.146476186325222102e+01
9.146458968636997611e+01
9.146442167652710964e+01
9.146425769429775698e+01
9.146409760571592074e+01
9.146394128352376640e+01
9.146378860791097054e+01
9.146363946387963040e+01
9.146349374016961065e+01
9.146335132981475624e+01
9.146321213129924388e+01
9.146307605558369858e+01
9.146294305782821255e+01
9.146281311378409384e+01
9.146268616163459342e+01
9.146256211528724123e+01
9.146244088171302167e+01
9.146232236935775006e+01
9.146220649227916510e+01
9.146209317192389676e+01
9.146198233601262473e+01
9.146187391474416017e+01
9.146176784011858274e+01
9.146166405465150717e+01
9.146156251593049546e+01
9.146146318105809314e+01
9.146136599848341575e+01
9.146127091092350270e+01
9.146117786021875418e+01
9.146108679596795810e+01
9.146099767645635836e+01
9.146091046310290551e+01
9.146082511497959899e+01
9.146074158804391629e+01
9.146065983733032567e+01
9.146057981681656202e+01
9.146050148076436415e+01
9.146042478775144957e+01
9.146034970902863392e+01
9.146027622052797312e+01
9.146020429221063353e+01
9.146013388847293868e+01
9.146006498501995452e+01
9.145999759562353404e+01
9.145993170310906351e+01
9.145986725700115016e+01
9.145980420253093257e+01
9.145974248981276844e+01
9.145968207490548707e+01
9.145962291934709754e+01
9.145956498883636243e+01
9.145950825122507410e+01
9.145945267515632793e+01
9.145939822990258961e+01
9.145934488576429544e+01
9.145929261430224244e+01
9.145924138824064187e+01
9.145919118235670453e+01
9.145914198261694139e+01
9.145909378562136283e+01
9.145904658298763934e+01
9.145900036028885438e+01
9.145895509605593077e+01
9.145891076577922263e+01
9.145886734480347968e+01
9.145882481003489772e+01
9.145878314019532240e+01
9.145874231409256083e+01
9.145870231057220678e+01
9.145866310890980344e+01
9.145862468945460932e+01
9.145858703376408982e+01
9.145855012366442338e+01
9.145851394115986466e+01
9.145847846872243281e+01
9.145844368939809499e+01
9.145840958673510102e+01
9.145837614470599419e+01
9.145834334766144025e+01
9.145831118030756102e+01
9.145827962774272635e+01
9.145824867549256965e+01
9.145821830954540133e+01
9.145818851635405622e+01
9.145815928279303364e+01
9.145813059629089992e+01
9.145810244509448239e+01
9.145807481791510440e+01
9.145804770342242307e+01
9.145802109034515581e+01
9.145799496753258495e+01
9.145796932408849500e+01
9.145794414946054474e+01
9.145791943343741082e+01
9.145789516615361947e+01
9.145787133810220837e+01
9.145784794013323449e+01
9.145782496492428493e+01
9.145780240487435719e+01
9.145778025072299044e+01
9.145775849382430067e+01
9.145773712619460127e+01
9.145771614030027763e+01
9.145769552866259744e+01
9.145767528330146945e+01
9.145765539620730067e+01
9.145763585957877240e+01
9.145761666588779804e+01
9.145759780787862780e+01
9.145757927853195213e+01
9.145756107105842148e+01
9.145754317890448704e+01
9.145752559586556174e+01
9.145750831626381228e+01
9.145749133446523160e+01
9.145747464460286835e+01
9.145745824072720609e+01
9.145744211697513038e+01
9.145742626767153638e+01
9.145741068740028368e+01
9.145739537096449112e+01
9.145738031332452067e+01
9.145736550954060817e+01
9.145735095473879994e+01
9.145733664413954500e+01
9.145732257310713464e+01
9.145730873712797404e+01
9.145729513174863712e+01
9.145728175252159531e+01
9.145726859501110084e+01
9.145725565484374897e+01
9.145724292776677089e+01
9.145723040969620854e+01
9.145721809694850890e+01
9.145720598628633979e+01
9.145719407429075432e+01
9.145718235724777401e+01
9.145717083134061909e+01
9.145715949278610424e+01
9.145714833867123161e+01
9.145713736687591222e+01
9.145712657366213705e+01
9.145711595519946968e+01
9.145710550790339255e+01
9.145709522837805139e+01
9.145708511378695960e+01
9.145707516112936730e+01
9.145706536711416845e+01
9.145705572846360099e+01
9.145704624200597266e+01
9.145703690467516367e+01
9.145702771353269611e+01
9.145701866579018713e+01
9.145700975879303485e+01
9.145700099001126659e+01
9.145699235701633256e+01
9.145698385742620928e+01
9.145697548885706851e+01
9.145696724887800144e+01
9.145695913502457586e+01
9.145695114483223165e+01
9.145694327587932548e+01
9.145693552582437746e+01
9.145692789244380094e+01
9.145692037365266458e+01
9.145691296746916521e+01
9.145690567196284348e+01
9.145689848522943066e+01
9.145689140539590767e+01
9.145688443061672501e+01
9.145687755922153883e+01
9.145687078996878938e+01
9.145686412167772517e+01
9.145685755292454644e+01
9.145685108225210058e+01
9.145684470811363553e+01
9.145683842880973202e+01
9.145683224258900168e+01
9.145682614772191243e+01
9.145682014253995362e+01
9.145681422545467854e+01
9.145680839495382486e+01
9.145680264959820249e+01
9.145679698800915958e+01
9.145679140882431568e+01
9.145678591068758578e+01
9.145678049226145845e+01
9.145677515223187015e+01
9.145676988947641917e+01
9.145676470397511082e+01
9.145675959502702312e+01
9.145675456093577793e+01
9.145674959999658427e+01
9.145674471060775090e+01
9.145673989148679084e+01
9.145673514184842645e+01
9.145673046067165046e+01
9.145672584669215155e+01
9.145672129861938515e+01
9.145671681521784535e+01
9.145671239533201913e+01
9.145670803790548575e+01
9.145670374198152786e+01
9.145669950664034786e+01
9.145669533098222814e+01
9.145669121409515867e+01
9.145668715504841373e+01
9.145668315293598027e+01
9.145667920697501074e+01
9.145667531657620941e+01
9.145667148115327905e+01
9.145666769994997480e+01
9.145666397212097820e+01
9.145666029699239630e+01
9.145665667394357001e+01
9.145665310209481902e+01
9.145664958040913461e+01
9.145664610780158910e+01
9.145664268322369139e+01
9.145663930568966293e+01
9.145663597427817137e+01
9.145663268813584068e+01
9.145662944644693937e+01
9.145662624843100730e+01
9.145662309333764028e+01
9.145661998043540564e+01
9.145661690902591090e+01
9.145661387847589197e+01
9.145661088821732676e+01
9.145660793770223052e+01
9.145660502635864475e+01
9.145660215356186029e+01
9.145659931862660130e+01
9.145659652082690627e+01
9.145659375942143754e+01
9.145659103368372200e+01
9.145658834293483608e+01
9.145658568656223508e+01
9.145658306400598292e+01
9.145658047472628027e+01
9.145657791819401439e+01
9.145657539389364388e+01
9.145657290131427430e+01
9.145657043994722812e+01
9.145656800928746577e+01
9.145656560884116004e+01
9.145656323817402722e+01
9.145656089749867590e+01
9.145655858752918732e+01
9.145655630790092516e+01
9.145655405793020520e+01
9.145655183699486201e+01
9.145654964451524904e+01
9.145654748007775936e+01
9.145654534352958365e+01
9.145654323447828915e+01
9.145654115232571257e+01
9.145653909645757551e+01
9.145653706630059787e+01
9.145653506132653376e+01
9.145653308108225588e+01
9.145653112533975104e+01
9.145652919396003711e+01
9.145652728662595621e+01
9.145652540288337207e+01
9.145652354224849034e+01
9.145652170425411498e+01
9.145651988846920233e+01
9.145651809450568237e+01
9.145651632203312431e+01
9.145651457076883162e+01
9.145651284046896023e+01
9.145651113092776541e+01
9.145650944195166687e+01
9.145650777330156700e+01
9.145650612471861507e+01
9.145650449588671904e+01
9.145650288643528825e+01
9.145650129598209332e+01
9.145649972417875517e+01
9.145649817075623389e+01
9.145649663552751463e+01
9.145649511835195256e+01
9.145649361911213759e+01
9.145649213768562902e+01
9.145649067391033782e+01
9.145648922757439436e+01
9.145648779842670706e+01
9.145648638620930626e+01
9.145648499072981963e+01
9.145648361191732079e+01
9.145648224970663875e+01
9.145648090395324914e+01
9.145647957446837495e+01
9.145647826107395417e+01
9.145647696362173917e+01
9.145647568199777311e+01
9.145647441611696138e+01
9.145647316588883768e+01
9.145647193117356721e+01
9.145647071174980169e+01
9.145646950731780578e+01
9.145646831753171568e+01
9.145646714201838279e+01
9.145646598039847674e+01
9.145646483230709123e+01
9.145646369741125170e+01
9.145646257542054514e+01
9.145646146609757920e+01
9.145646036925417377e+01
9.145645928473982167e+01
9.145645821242251827e+01
9.145645715216811311e+01
9.145645610382634061e+01
9.145645506722758000e+01
9.145645404224649155e+01
9.145645302891712447e+01
9.145645202764021064e+01
9.145645103895724048e+01
9.145645006254515863e+01
9.145644909789086796e+01
9.145644814461721239e+01
